#QUaD 2009 pipeline 1 data as described in Brown et. al, arxiv:0906.1003
#
#Columns are:
#1) band center ell
#2) bandpower value l(l+1)C_l/2pi in uK^2
#3) bandpower uncertainty
#4) bandpower expectation value under LCDM
#
#EE
  204      1.57      0.75      0.45
  285      9.20      2.27      6.81
  366     15.61      4.49     20.29
  447     19.61      3.63     16.76
  528      3.43      2.20      6.40
  609     21.55      4.29     21.87
  690     34.67      6.06     37.34
  771     26.20      4.56     21.83
  852     13.02      3.45     12.55
  933     28.43      5.56     32.78
 1014     35.23      6.37     40.13
 1095     22.38      4.80     20.36
 1176     15.99      4.47     13.47
 1257     23.35      6.20     26.87
 1338     20.43      6.65     27.49
 1419      6.50      6.31     13.95
 1500     21.72      6.43     12.08
 1581     18.14      7.85     19.69
 1662     18.41      8.38     17.65
 1743     -7.90      8.58      9.23
 1824      0.79     10.56      8.06
 1905      0.33     12.00     11.08
 1986     33.49     13.14      9.31
